499 499 
292 292 706 706 
253 253 745 385 385 745 
249 249 749 249 249 749 749 749 
206 206 792 206 499 499 206 792 792 792 
187 187 811 187 499 395 187 603 811 603 499 811 
173 173 522 173 825 348 173 522 522 522 799 799 348 825 
170 170 828 170 499 258 258 499 740 499 499 740 170 828 828 828 
166 166 499 166 832 166 166 499 499 499 832 499 166 832 499 832 832 832 
444 147 740 147 147 155 554 422 851 422 147 452 366 651 851 718 147 851 586 851 
141 141 426 141 842 156 582 380 141 426 857 454 380 582 655 655 156 842 454 857 857 857 
139 139 619 139 379 283 859 283 139 427 619 427 379 571 859 571 139 715 619 715 379 859 859 859 
401 133 865 133 133 141 633 267 865 401 401 401 133 409 598 598 274 637 865 669 133 865 414 865 682 865 
128 128 387 128 646 128 870 258 128 387 387 387 646 387 870 516 128 646 387 646 646 646 855 855 258 870 516 870 
126 126 380 126 872 126 626 192 126 380 380 380 872 380 626 446 192 626 446 626 806 626 626 806 126 872 380 872 872 872 
124 124 374 124 624 124 874 124 124 374 374 374 624 374 874 374 124 624 374 624 624 624 874 624 124 874 374 874 624 874 874 874 
116 116 351 116 647 116 882 116 499 298 116 351 882 351 326 456 672 456 116 585 882 585 499 613 298 733 700 733 499 866 116 882 882 882 
115 115 499 115 883 115 307 243 691 243 115 371 499 371 883 371 307 499 691 499 115 627 499 627 883 627 307 755 691 755 115 883 499 883 883 883 
111 111 500 111 887 111 306 224 693 226 111 336 499 338 887 340 305 450 692 452 111 564 498 564 887 564 692 677 305 679 127 871 871 871 389 887 613 887 
110 110 499 110 888 110 305 219 693 219 110 333 499 333 888 333 305 442 693 442 110 556 499 556 888 556 305 665 693 665 110 779 499 779 888 779 305 888 693 888 
106 106 320 106 707 106 513 197 892 212 124 319 338 319 708 320 522 426 892 427 106 532 337 533 707 534 892 641 499 680 221 712 707 748 884 884 106 892 336 892 549 892 
105 105 316 105 527 105 893 105 710 210 105 316 316 316 527 316 893 316 710 422 316 527 105 527 893 527 527 528 680 680 210 710 427 713 893 739 105 893 316 893 538 893 749 893 
102 102 499 102 896 102 300 155 698 155 155 300 446 300 843 300 644 354 300 446 102 499 499 499 896 499 698 552 354 644 155 698 552 698 843 698 300 843 698 843 102 896 499 896 896 896 
100 100 303 100 695 100 898 100 499 153 100 303 303 303 695 303 898 303 499 356 100 506 303 506 695 506 898 506 499 558 153 702 356 702 642 702 845 702 499 845 100 898 303 898 695 898 898 898 
99 99 299 99 499 99 699 99 899 99 99 299 299 299 499 299 699 299 899 299 99 499 299 499 499 499 699 499 899 499 99 699 299 699 499 699 699 699 899 699 99 899 299 899 499 899 699 899 899 899 
95 95 429 95 622 95 886 112 262 192 736 251 95 288 429 288 903 347 596 384 262 384 763 480 95 481 429 481 596 577 262 577 903 613 95 674 429 674 736 710 262 770 903 806 569 806 103 895 402 903 736 903 
94 94 418 94 742 94 256 196 580 196 904 196 94 297 418 297 742 297 256 398 580 398 904 398 94 499 418 499 742 499 256 600 580 600 904 600 94 701 418 701 742 701 256 802 580 802 904 802 94 904 418 904 742 904 
93 93 388 93 713 93 900 93 551 186 240 208 718 280 905 280 403 301 93 323 567 391 255 417 905 467 721 499 417 510 93 510 255 604 573 614 905 655 93 698 411 708 729 718 249 801 567 812 905 842 93 905 405 905 729 905 
91 91 419 91 739 91 907 170 255 177 579 184 91 276 419 276 739 276 907 355 255 362 579 369 91 461 419 461 739 461 907 540 255 547 579 554 91 646 419 646 739 646 907 725 255 732 579 739 686 890 108 890 317 907 502 907 870 907 
91 91 417 91 744 91 254 174 581 174 907 174 91 274 417 274 744 274 907 357 254 357 581 357 91 457 417 457 744 457 254 541 581 541 907 541 417 641 744 641 91 641 254 724 581 724 907 724 91 824 417 824 744 824 254 907 581 907 907 907 
88 88 267 88 446 88 754 88 910 175 600 179 756 267 88 267 267 267 446 270 602 358 910 359 270 446 88 446 448 448 756 449 910 540 578 578 179 600 358 602 754 628 905 726 88 754 628 754 449 756 267 756 905 905 726 905 175 910 359 910 540 910 
87 87 263 87 438 87 772 87 605 142 911 194 122 259 298 259 474 259 746 268 911 370 605 376 263 431 87 431 438 431 760 459 911 548 605 551 87 607 263 607 438 607 759 636 911 724 573 734 175 759 350 759 759 812 907 907 87 911 263 911 438 911 614 911 
86 86 261 86 435 86 610 86 912 86 761 173 86 261 261 261 435 261 610 261 912 261 761 348 86 435 261 435 435 435 610 435 912 435 761 522 435 610 261 610 86 610 912 610 610 610 738 738 348 761 173 761 527 763 912 784 86 912 261 912 435 912 618 912 793 912 
84 84 414 84 743 84 914 84 249 128 578 128 128 249 458 249 699 249 870 249 293 293 578 370 84 414 414 414 743 414 914 414 249 458 578 540 84 584 414 584 743 584 914 584 249 628 534 705 128 749 370 749 699 749 870 749 249 870 578 870 84 914 414 914 743 914 914 914 
83 83 252 83 420 83 589 83 915 83 752 127 83 252 252 252 420 252 589 252 915 252 752 296 83 420 252 420 420 420 589 420 915 420 752 464 83 589 252 589 420 589 589 589 915 589 752 633 127 752 296 752 464 752 633 752 871 752 752 871 83 915 252 915 420 915 589 915 915 915 
82 82 249 82 416 82 582 82 749 82 916 82 82 249 249 249 416 249 582 249 749 249 916 249 82 416 249 416 416 416 582 416 749 416 916 416 82 582 249 582 416 582 582 582 749 582 916 582 82 749 249 749 416 749 582 749 749 749 916 749 82 916 249 916 416 916 582 916 749 916 916 916 
81 81 368 81 693 81 857 81 530 105 225 161 633 234 917 234 365 245 81 245 775 316 223 327 503 335 917 398 81 409 361 417 645 417 219 499 503 499 787 499 645 581 361 581 81 589 917 600 503 663 223 671 775 682 81 753 365 753 917 764 633 764 225 837 530 893 81 917 368 917 693 917 857 917 
81 81 364 81 634 81 917 81 222 162 776 162 499 172 81 244 917 244 357 254 641 254 216 336 499 336 782 336 357 418 641 418 81 428 917 428 499 499 776 510 222 510 81 591 917 591 634 592 364 592 776 673 222 673 499 684 81 754 917 754 357 765 641 765 256 893 742 893 94 917 417 917 581 917 904 917 
80 80 359 80 639 80 918 80 220 164 499 164 778 164 80 248 359 248 639 248 918 248 220 332 499 332 778 332 80 415 359 415 639 415 918 415 220 499 499 499 778 499 80 583 359 583 639 583 918 583 220 666 499 666 778 666 80 750 359 750 639 750 918 750 220 834 499 834 778 834 80 918 359 918 639 918 918 918 
78 78 352 78 633 78 920 78 777 146 493 151 215 157 78 237 633 237 920 237 352 237 777 304 493 310 215 316 78 395 352 395 633 395 920 395 777 462 493 468 215 474 633 553 920 553 78 553 352 553 777 621 493 627 225 647 80 712 920 712 621 728 777 779 308 783 466 783 78 870 903 903 229 920 387 920 545 920 704 920 
77 77 349 77 506 77 778 77 921 143 213 156 642 156 77 234 349 234 506 234 778 234 921 300 213 313 642 313 77 391 349 391 506 391 778 391 921 457 213 470 642 470 77 548 349 548 506 548 778 548 921 613 642 627 213 627 77 705 349 705 506 705 778 705 921 770 213 784 642 784 426 842 94 904 290 921 561 921 718 921 875 921 
77 77 358 77 640 77 921 77 218 143 499 143 780 143 77 232 358 232 640 232 921 232 218 299 499 299 780 299 77 388 358 388 640 388 921 388 218 454 499 454 780 454 77 544 358 544 640 544 921 544 218 610 499 610 780 610 358 699 640 699 77 699 921 699 218 766 499 766 780 766 77 855 358 855 640 855 921 855 218 921 499 921 780 921 
75 75 228 75 381 75 646 75 923 75 784 140 513 151 909 227 645 228 75 228 228 228 381 228 513 304 777 304 923 380 645 381 228 381 381 381 75 381 790 457 513 457 152 513 320 521 923 532 658 533 790 609 526 609 230 644 75 645 382 660 923 685 658 686 504 768 795 769 292 784 139 784 659 838 923 854 380 908 75 923 228 923 532 923 786 923 
75 75 226 75 378 75 529 75 792 75 923 151 661 151 75 226 226 226 378 226 792 226 529 226 661 302 923 302 75 378 226 378 378 378 529 378 792 378 661 454 923 454 226 529 378 529 75 529 792 530 530 530 923 605 641 639 151 661 302 661 458 664 792 681 923 767 686 789 75 792 378 792 226 792 534 795 769 919 923 923 151 923 302 923 454 923 615 923 
74 74 223 74 373 74 522 74 806 74 664 121 924 165 104 220 253 220 403 220 552 220 791 234 924 314 664 319 74 367 223 367 373 367 522 367 796 390 924 466 664 469 74 516 223 516 373 516 522 516 795 541 924 616 664 618 74 665 223 665 373 665 522 665 795 690 924 765 635 771 148 795 298 795 447 795 795 840 923 923 74 924 223 924 373 924 522 924 672 924 
73 73 222 73 370 73 519 73 667 73 925 73 796 148 73 222 222 222 370 222 519 222 667 222 925 222 796 296 222 370 370 370 519 370 73 370 667 370 925 370 796 445 73 519 222 519 370 519 519 519 667 519 925 519 796 593 519 667 370 667 222 667 73 667 925 668 667 668 776 776 445 796 296 796 148 796 597 798 925 816 73 925 222 925 370 925 519 925 675 925 823 925 
72 72 218 72 365 72 511 72 657 72 924 72 790 132 145 199 291 199 438 199 672 218 926 218 799 290 548 295 72 325 218 325 407 345 926 365 675 368 801 441 548 441 298 448 72 472 675 514 926 517 425 521 195 551 799 590 552 594 321 624 72 631 926 663 677 670 448 697 199 704 803 743 573 773 326 776 72 777 926 823 700 846 199 850 450 853 72 926 324 926 577 926 822 926 
71 71 322 71 573 71 786 71 926 116 197 144 448 144 680 170 818 213 71 216 322 216 554 242 197 289 927 308 429 315 680 315 71 361 303 387 554 387 805 387 178 460 429 460 680 460 927 466 303 532 554 532 801 538 71 558 429 605 676 611 927 611 197 631 550 683 801 683 71 703 322 703 676 756 927 756 197 775 444 782 801 828 71 848 318 854 569 854 910 926 193 927 444 927 695 927 
71 71 319 71 567 71 761 71 905 71 195 142 443 142 664 176 927 212 71 214 319 214 540 248 788 248 195 286 416 320 664 320 927 356 71 357 292 391 540 391 788 391 168 463 416 463 664 463 927 499 292 535 540 535 788 535 71 569 416 607 664 607 195 641 927 642 540 678 788 678 71 712 319 712 664 750 195 784 443 784 927 786 788 822 71 856 319 856 567 856 895 926 195 927 443 927 692 927 
70 70 319 70 583 70 726 70 928 70 451 124 195 141 827 171 564 212 70 213 318 213 703 243 928 273 441 285 194 285 804 344 566 355 318 356 70 356 928 415 441 427 688 428 194 428 70 499 565 499 812 499 318 499 194 570 688 570 441 571 928 583 70 642 318 642 566 643 804 654 194 713 441 713 928 725 703 755 318 785 70 785 564 786 827 827 195 857 451 874 70 928 319 928 583 928 726 928 928 928 
